means <- c(
  glucose = -1.96825433778349e-16, bmi = -7.91723213769746e-17,
  age = 1.20111356353818e-16, female = 1.42619696156583e-16, nhw = -5.03312408648097e-18,
  smoke = -3.2111110600884e-17, bmi_prs = -1.15519592499013e-14,
  glucose_prs = -7.07320752607373e-15
)

# covariance matrix
mat <- structure(c(
  0.997523893105382, 0.208644976915785, 0.253708389862574,
  -0.177297309127456, 0.0596898614979812, 0.0917005397091668, 0.0838985048101617,
  0.0922531746254993, 0.208644976915785, 0.996951208183969, 0.0506946067208541,
  0.0203494958260491, -0.0055661377527309, 0.0216563774116052,
  0.300569363860713, -0.00500820212770039, 0.253708389862574, 0.0506946067208541,
  0.923159608174341, -0.126399831360388, 0.160140678440441, 0.165362429492189,
  -0.0519840639263659, -0.00358944704781315, -0.177297309127456,
  0.0203494958260491, -0.126399831360388, 1.00138532594553, -0.0381787297773077,
  -0.114761906189592, 0.0220751526556959, -0.00805369111191262,
  0.0596898614979812, -0.0055661377527309, 0.160140678440441, -0.0381787297773077,
  0.90677551228785, 0.0775607612957751, -0.0328217604862329, 0.0226931865599238,
  0.0917005397091668, 0.0216563774116052, 0.165362429492189, -0.114761906189592,
  0.0775607612957751, 1.00513020712039, 0.075917841346984, 0.00115950734428159,
  0.0838985048101617, 0.300569363860713, -0.0519840639263659, 0.0220751526556959,
  -0.0328217604862329, 0.075917841346984, 0.990270282102947, 0.0612015767047263,
  0.0922531746254993, -0.00500820212770039, -0.00358944704781315,
  -0.00805369111191262, 0.0226931865599238, 0.00115950734428159,
  0.0612015767047263, 1.00474034266984
), dim = c(8L, 8L), dimnames = list(
  c(
    "glucose", "bmi", "age", "female", "nhw", "smoke", "bmi_prs",
    "glucose_prs"
  ), c(
    "glucose", "bmi", "age", "female", "nhw",
    "smoke", "bmi_prs", "glucose_prs"
  )
)) |> as.matrix()